400
320
80

324
259
154
156
112
137
312
79
197
393
292
33
303
313
50
175
243
174
111
363
145
82
271
337
294
159
180
261
23
305
224
374
357
150
327
321
352
227
196
22
7
144
133
91
55
330
12
323
95
385
304
318
310
183
383
307
245
141
217
181
163
228
99
281
149
342
27
41
69
131
178
105
306
84
201
93
172
241
92
3
297
285
226
35
225
239
20
114
264
104
54
204
108
376
148
329
134
136
58
346
26
205
389
115
213
52
51
223
129
110
232
274
302
166
29
106
189
375
70
185
62
359
394
71
160
336
44
48
11
257
320
37
125
366
116
17
86
208
43
319
32
351
73
347
168
399
68
370
5
187
192
361
194
267
24
229
6
270
186
123
395
124
66
67
378
339
151
143
293
218
61
269
190
219
16
358
265
167
343
158
126
234
397
138
386
277
72
289
283
81
56
78
85
216
349
9
40
244
380
262
284
335
177
153
325
384
206
381
247
202
87
15
47
266
90
130
215
233
80
107
162
353
360
316
212
76
276
173
188
365
315
372
237
128
254
322
142
21
1
38
165
34
118
31
286
83
211
191
238
288
45
295
251
170
140
367
392
36
240
179
326
88
139
387
127
77
135
341
388
390
275
362
356
382
98
63
253
109
398
278
39
146
249
250
298
371
60
42
155
268
354
89
198
195
328
94
209
246
8
161
235
119
2
220
236
171
256
199
214
299
101
10
300
332
203
230
308
120
334
4
14
28
157
102
19
291
348
122
314
242
379
222
207
103
18
344
182
301
57
317
75
340
97
59
279
49
373
309
280
311
121
152
46
296
377
193
147
65
263
231
258
117
96
210
273
355
13
132
290
113
350
345
338
333
248
164
64
53
169
252
200
30
100
282
364
74
260
176
368
255
369
25
272
184
391
287
221
331
396
