9
3
1
3
4
7
9
10
4
9
3
5
9
6
1
7
4
9
1
7
3
6
7
5
8
9
2
2
3
2
2
5
1
10
5
7
6
4
2
7
5
5
9
9
3
2
4
5
5
9
9
8
2
5
7
5
5
3
2
2
1
5
4
9
3
4
8
3
10
2
5
6
1
4
10
8
1
9
10
5
8
10
2
2
4
1
9
4
8
7
1
5
5
9
3
4
8
8
3
8
2
9
6
1
6
7
1
6
3
9
6
6
6
1
2
6
10
6
3
10
3
10
7
1
2
4
6
6
5
4
4
4
10
10
4
2
3
4
1
7
7
7
7
3
6
5
5
6
8
5
8
8
4
6
3
5
7
4
5
1
4
1
1
9
2
4
10
3
1
10
4
1
4
6
5
10
9
8
7
8
2
9
2
3
10
4
5
3
10
5
9
8
1
6
8
8
10
7
1
6
9
1
2
5
2
9
10
3
9
5
10
3
10
8
7
4
6
4
10
10
1
10
4
2
6
2
9
7
1
8
1
5
3
9
1
7
8
8
7
4
7
8
10
6
9
2
9
8
9
2
1
2
7
4
9
10
2
3
6
4
8
8
3
7
8
2
4
7
10
1
8
9
4
3
4
3
8
3
7
7
8
4
5
8
10
2
9
9
3
10
2
4
6
1
9
7
10
1
4
9
3
1
9
9
5
8
10
6
7
7
9
2
2
6
7
2
3
2
8
